
Test: simulation 1

Note: your simulation should only be using the plot, title, xlabel, ylabel, legend, figure, and show functions from the Pylab module.
Additionally, be sure you call pylab.show() last. The order of other lines do not matter.

Your output:

    Test: simulationWithoutDrug(1, 10, 1.0, 0.0, 1)
    Plotting...
    Plotting values: [0, 1, 2, 3, 4, 5, 6, 7, 8, 9, 10, 11, 12, 13, 14, 15, 16, 17, 18, 19, 20, 21, 22, 23, 24, 25, 26, 27, 28, 29, 30, 31, 32, 33, 34, 35, 36, 37, 38, 39, 40, 41, 42, 43, 44, 45, 46, 47, 48, 49, 50, 51, 52, 53, 54, 55, 56, 57, 58, 59, 60, 61, 62, 63, 64, 65, 66, 67, 68, 69, 70, 71, 72, 73, 74, 75, 76, 77, 78, 79, 80, 81, 82, 83, 84, 85, 86, 87, 88, 89, 90, 91, 92, 93, 94, 95, 96, 97, 98, 99, 100, 101, 102, 103, 104, 105, 106, 107, 108, 109, 110, 111, 112, 113, 114, 115, 116, 117, 118, 119, 120, 121, 122, 123, 124, 125, 126, 127, 128, 129, 130, 131, 132, 133, 134, 135, 136, 137, 138, 139, 140, 141, 142, 143, 144, 145, 146, 147, 148, 149, 150, 151, 152, 153, 154, 155, 156, 157, 158, 159, 160, 161, 162, 163, 164, 165, 166, 167, 168, 169, 170, 171, 172, 173, 174, 175, 176, 177, 178, 179, 180, 181, 182, 183, 184, 185, 186, 187, 188, 189, 190, 191, 192, 193, 194, 195, 196, 197, 198, 199, 200, 201, 202, 203, 204, 205, 206, 207, 208, 209, 210, 211, 212, 213, 214, 215, 216, 217, 218, 219, 220, 221, 222, 223, 224, 225, 226, 227, 228, 229, 230, 231, 232, 233, 234, 235, 236, 237, 238, 239, 240, 241, 242, 243, 244, 245, 246, 247, 248, 249, 250, 251, 252, 253, 254, 255, 256, 257, 258, 259, 260, 261, 262, 263, 264, 265, 266, 267, 268, 269, 270, 271, 272, 273, 274, 275, 276, 277, 278, 279, 280, 281, 282, 283, 284, 285, 286, 287, 288, 289, 290, 291, 292, 293, 294, 295, 296, 297, 298, 299]
    Successfully called pylab.title with label: SimpleVirus simulation
    Successfully called pylab.xlabel with label: Time Steps
    Successfully called pylab.ylabel with label: Average Virus Population
    Successfully called pylab.legend
    Successfully called pylab.show

Correct output:

    Test: simulationWithoutDrug(1, 10, 1.0, 0.0, 1)
    Plotting...
    Plotting values: [2.0, 3.0, 5.0, 8.0, 9.0, 11.0, 11.0, 11.0, 11.0, 11.0, 11.0, 11.0, 11.0, 11.0, 11.0, 11.0, 11.0, 11.0, 11.0, 11.0, 11.0, 11.0, 11.0, 11.0, 11.0, 11.0, 11.0, 11.0, 11.0, 11.0, 11.0, 11.0, 11.0, 11.0, 11.0, 11.0, 11.0, 11.0, 11.0, 11.0, 11.0, 11.0, 11.0, 11.0, 11.0, 11.0, 11.0, 11.0, 11.0, 11.0, 11.0, 11.0, 11.0, 11.0, 11.0, 11.0, 11.0, 11.0, 11.0, 11.0, 11.0, 11.0, 11.0, 11.0, 11.0, 11.0, 11.0, 11.0, 11.0, 11.0, 11.0, 11.0, 11.0, 11.0, 11.0, 11.0, 11.0, 11.0, 11.0, 11.0, 11.0, 11.0, 11.0, 11.0, 11.0, 11.0, 11.0, 11.0, 11.0, 11.0, 11.0, 11.0, 11.0, 11.0, 11.0, 11.0, 11.0, 11.0, 11.0, 11.0, 11.0, 11.0, 11.0, 11.0, 11.0, 11.0, 11.0, 11.0, 11.0, 11.0, 11.0, 11.0, 11.0, 11.0, 11.0, 11.0, 11.0, 11.0, 11.0, 11.0, 11.0, 11.0, 11.0, 11.0, 11.0, 11.0, 11.0, 11.0, 11.0, 11.0, 11.0, 11.0, 11.0, 11.0, 11.0, 11.0, 11.0, 11.0, 11.0, 11.0, 11.0, 11.0, 11.0, 11.0, 11.0, 11.0, 11.0, 11.0, 11.0, 11.0, 11.0, 11.0, 11.0, 11.0, 11.0, 11.0, 11.0, 11.0, 11.0, 11.0, 11.0, 11.0, 11.0, 11.0, 11.0, 11.0, 11.0, 11.0, 11.0, 11.0, 11.0, 11.0, 11.0, 11.0, 11.0, 11.0, 11.0, 11.0, 11.0, 11.0, 11.0, 11.0, 11.0, 11.0, 11.0, 11.0, 11.0, 11.0, 11.0, 11.0, 11.0, 11.0, 11.0, 11.0, 11.0, 11.0, 11.0, 11.0, 11.0, 11.0, 11.0, 11.0, 11.0, 11.0, 11.0, 11.0, 11.0, 11.0, 11.0, 11.0, 11.0, 11.0, 11.0, 11.0, 11.0, 11.0, 11.0, 11.0, 11.0, 11.0, 11.0, 11.0, 11.0, 11.0, 11.0, 11.0, 11.0, 11.0, 11.0, 11.0, 11.0, 11.0, 11.0, 11.0, 11.0, 11.0, 11.0, 11.0, 11.0, 11.0, 11.0, 11.0, 11.0, 11.0, 11.0, 11.0, 11.0, 11.0, 11.0, 11.0, 11.0, 11.0, 11.0, 11.0, 11.0, 11.0, 11.0, 11.0, 11.0, 11.0, 11.0, 11.0, 11.0, 11.0, 11.0, 11.0, 11.0, 11.0, 11.0, 11.0, 11.0, 11.0, 11.0, 11.0, 11.0, 11.0, 11.0, 11.0, 11.0, 11.0, 11.0, 11.0, 11.0, 11.0, 11.0, 11.0, 11.0, 11.0, 11.0, 11.0, 11.0, 11.0, 11.0, 11.0, 11.0, 11.0, 11.0, 11.0, 11.0, 11.0]
    Successfully called pylab.title with label: SimpleVirus simulation
    Successfully called pylab.xlabel with label: Time Steps
    Successfully called pylab.ylabel with label: Average Virus Population
    Successfully called pylab.legend
    Successfully called pylab.show

Test: simulation 2

Note: your simulation should only be using the plot, title, xlabel, ylabel, legend, figure, and show functions from the Pylab module.
Additionally, be sure you call pylab.show() last. The order of other lines do not matter.

Your output:

    Test: simulationWithoutDrug(100, 200, 0.2, 0.8, 1)
    Plotting...
    Plotting values: [0, 1, 2, 3, 4, 5, 6, 7, 8, 9, 10, 11, 12, 13, 14, 15, 16, 17, 18, 19, 20, 21, 22, 23, 24, 25, 26, 27, 28, 29, 30, 31, 32, 33, 34, 35, 36, 37, 38, 39, 40, 41, 42, 43, 44, 45, 46, 47, 48, 49, 50, 51, 52, 53, 54, 55, 56, 57, 58, 59, 60, 61, 62, 63, 64, 65, 66, 67, 68, 69, 70, 71, 72, 73, 74, 75, 76, 77, 78, 79, 80, 81, 82, 83, 84, 85, 86, 87, 88, 89, 90, 91, 92, 93, 94, 95, 96, 97, 98, 99, 100, 101, 102, 103, 104, 105, 106, 107, 108, 109, 110, 111, 112, 113, 114, 115, 116, 117, 118, 119, 120, 121, 122, 123, 124, 125, 126, 127, 128, 129, 130, 131, 132, 133, 134, 135, 136, 137, 138, 139, 140, 141, 142, 143, 144, 145, 146, 147, 148, 149, 150, 151, 152, 153, 154, 155, 156, 157, 158, 159, 160, 161, 162, 163, 164, 165, 166, 167, 168, 169, 170, 171, 172, 173, 174, 175, 176, 177, 178, 179, 180, 181, 182, 183, 184, 185, 186, 187, 188, 189, 190, 191, 192, 193, 194, 195, 196, 197, 198, 199, 200, 201, 202, 203, 204, 205, 206, 207, 208, 209, 210, 211, 212, 213, 214, 215, 216, 217, 218, 219, 220, 221, 222, 223, 224, 225, 226, 227, 228, 229, 230, 231, 232, 233, 234, 235, 236, 237, 238, 239, 240, 241, 242, 243, 244, 245, 246, 247, 248, 249, 250, 251, 252, 253, 254, 255, 256, 257, 258, 259, 260, 261, 262, 263, 264, 265, 266, 267, 268, 269, 270, 271, 272, 273, 274, 275, 276, 277, 278, 279, 280, 281, 282, 283, 284, 285, 286, 287, 288, 289, 290, 291, 292, 293, 294, 295, 296, 297, 298, 299]
    Successfully called pylab.title with label: SimpleVirus simulation
    Successfully called pylab.xlabel with label: Time Steps
    Successfully called pylab.ylabel with label: Average Virus Population
    Successfully called pylab.legend
    Successfully called pylab.show

Correct output:

    Test: simulationWithoutDrug(100, 200, 0.2, 0.8, 1)
    Plotting...
    Plotting values: [92.0, 55.0, 39.0, 22.0, 10.0, 6.0, 4.0, 4.0, 4.0, 5.0, 4.0, 0.0, 0.0, 0.0, 0.0, 0.0, 0.0, 0.0, 0.0, 0.0, 0.0, 0.0, 0.0, 0.0, 0.0, 0.0, 0.0, 0.0, 0.0, 0.0, 0.0, 0.0, 0.0, 0.0, 0.0, 0.0, 0.0, 0.0, 0.0, 0.0, 0.0, 0.0, 0.0, 0.0, 0.0, 0.0, 0.0, 0.0, 0.0, 0.0, 0.0, 0.0, 0.0, 0.0, 0.0, 0.0, 0.0, 0.0, 0.0, 0.0, 0.0, 0.0, 0.0, 0.0, 0.0, 0.0, 0.0, 0.0, 0.0, 0.0, 0.0, 0.0, 0.0, 0.0, 0.0, 0.0, 0.0, 0.0, 0.0, 0.0, 0.0, 0.0, 0.0, 0.0, 0.0, 0.0, 0.0, 0.0, 0.0, 0.0, 0.0, 0.0, 0.0, 0.0, 0.0, 0.0, 0.0, 0.0, 0.0, 0.0, 0.0, 0.0, 0.0, 0.0, 0.0, 0.0, 0.0, 0.0, 0.0, 0.0, 0.0, 0.0, 0.0, 0.0, 0.0, 0.0, 0.0, 0.0, 0.0, 0.0, 0.0, 0.0, 0.0, 0.0, 0.0, 0.0, 0.0, 0.0, 0.0, 0.0, 0.0, 0.0, 0.0, 0.0, 0.0, 0.0, 0.0, 0.0, 0.0, 0.0, 0.0, 0.0, 0.0, 0.0, 0.0, 0.0, 0.0, 0.0, 0.0, 0.0, 0.0, 0.0, 0.0, 0.0, 0.0, 0.0, 0.0, 0.0, 0.0, 0.0, 0.0, 0.0, 0.0, 0.0, 0.0, 0.0, 0.0, 0.0, 0.0, 0.0, 0.0, 0.0, 0.0, 0.0, 0.0, 0.0, 0.0, 0.0, 0.0, 0.0, 0.0, 0.0, 0.0, 0.0, 0.0, 0.0, 0.0, 0.0, 0.0, 0.0, 0.0, 0.0, 0.0, 0.0, 0.0, 0.0, 0.0, 0.0, 0.0, 0.0, 0.0, 0.0, 0.0, 0.0, 0.0, 0.0, 0.0, 0.0, 0.0, 0.0, 0.0, 0.0, 0.0, 0.0, 0.0, 0.0, 0.0, 0.0, 0.0, 0.0, 0.0, 0.0, 0.0, 0.0, 0.0, 0.0, 0.0, 0.0, 0.0, 0.0, 0.0, 0.0, 0.0, 0.0, 0.0, 0.0, 0.0, 0.0, 0.0, 0.0, 0.0, 0.0, 0.0, 0.0, 0.0, 0.0, 0.0, 0.0, 0.0, 0.0, 0.0, 0.0, 0.0, 0.0, 0.0, 0.0, 0.0, 0.0, 0.0, 0.0, 0.0, 0.0, 0.0, 0.0, 0.0, 0.0, 0.0, 0.0, 0.0, 0.0, 0.0, 0.0, 0.0, 0.0, 0.0, 0.0, 0.0, 0.0, 0.0, 0.0, 0.0, 0.0, 0.0, 0.0, 0.0, 0.0, 0.0, 0.0, 0.0, 0.0, 0.0, 0.0, 0.0, 0.0, 0.0, 0.0, 0.0, 0.0, 0.0, 0.0]
    Successfully called pylab.title with label: SimpleVirus simulation
    Successfully called pylab.xlabel with label: Time Steps
    Successfully called pylab.ylabel with label: Average Virus Population
    Successfully called pylab.legend
    Successfully called pylab.show

Test: simulation 3

Note: your simulation should only be using the plot, title, xlabel, ylabel, legend, figure, and show functions from the Pylab module.
Additionally, be sure you call pylab.show() last. The order of other lines do not matter.

Your output:

    Test: simulationWithoutDrug(1, 90, 0.8, 0.1, 1)
    Plotting...
    Plotting values: [0, 1, 2, 3, 4, 5, 6, 7, 8, 9, 10, 11, 12, 13, 14, 15, 16, 17, 18, 19, 20, 21, 22, 23, 24, 25, 26, 27, 28, 29, 30, 31, 32, 33, 34, 35, 36, 37, 38, 39, 40, 41, 42, 43, 44, 45, 46, 47, 48, 49, 50, 51, 52, 53, 54, 55, 56, 57, 58, 59, 60, 61, 62, 63, 64, 65, 66, 67, 68, 69, 70, 71, 72, 73, 74, 75, 76, 77, 78, 79, 80, 81, 82, 83, 84, 85, 86, 87, 88, 89, 90, 91, 92, 93, 94, 95, 96, 97, 98, 99, 100, 101, 102, 103, 104, 105, 106, 107, 108, 109, 110, 111, 112, 113, 114, 115, 116, 117, 118, 119, 120, 121, 122, 123, 124, 125, 126, 127, 128, 129, 130, 131, 132, 133, 134, 135, 136, 137, 138, 139, 140, 141, 142, 143, 144, 145, 146, 147, 148, 149, 150, 151, 152, 153, 154, 155, 156, 157, 158, 159, 160, 161, 162, 163, 164, 165, 166, 167, 168, 169, 170, 171, 172, 173, 174, 175, 176, 177, 178, 179, 180, 181, 182, 183, 184, 185, 186, 187, 188, 189, 190, 191, 192, 193, 194, 195, 196, 197, 198, 199, 200, 201, 202, 203, 204, 205, 206, 207, 208, 209, 210, 211, 212, 213, 214, 215, 216, 217, 218, 219, 220, 221, 222, 223, 224, 225, 226, 227, 228, 229, 230, 231, 232, 233, 234, 235, 236, 237, 238, 239, 240, 241, 242, 243, 244, 245, 246, 247, 248, 249, 250, 251, 252, 253, 254, 255, 256, 257, 258, 259, 260, 261, 262, 263, 264, 265, 266, 267, 268, 269, 270, 271, 272, 273, 274, 275, 276, 277, 278, 279, 280, 281, 282, 283, 284, 285, 286, 287, 288, 289, 290, 291, 292, 293, 294, 295, 296, 297, 298, 299]
    Successfully called pylab.title with label: SimpleVirus simulation
    Successfully called pylab.xlabel with label: Time Steps
    Successfully called pylab.ylabel with label: Average Virus Population
    Successfully called pylab.legend
    Successfully called pylab.show

Correct output:

    Test: simulationWithoutDrug(1, 90, 0.8, 0.1, 1)
    Plotting...
    Plotting values: [2.0, 3.0, 6.0, 10.0, 16.0, 24.0, 35.0, 49.0, 56.0, 67.0, 76.0, 85.0, 79.0, 81.0, 81.0, 87.0, 90.0, 86.0, 86.0, 86.0, 87.0, 84.0, 87.0, 80.0, 86.0, 89.0, 87.0, 84.0, 84.0, 89.0, 84.0, 85.0, 90.0, 89.0, 92.0, 88.0, 93.0, 86.0, 90.0, 90.0, 85.0, 85.0, 90.0, 86.0, 85.0, 85.0, 86.0, 79.0, 83.0, 91.0, 88.0, 84.0, 86.0, 84.0, 78.0, 86.0, 80.0, 83.0, 75.0, 78.0, 87.0, 88.0, 84.0, 91.0, 85.0, 86.0, 88.0, 87.0, 94.0, 87.0, 89.0, 86.0, 89.0, 88.0, 85.0, 91.0, 84.0, 81.0, 82.0, 90.0, 85.0, 82.0, 81.0, 83.0, 83.0, 84.0, 86.0, 87.0, 88.0, 86.0, 89.0, 84.0, 82.0, 84.0, 82.0, 85.0, 80.0, 86.0, 85.0, 85.0, 88.0, 89.0, 83.0, 87.0, 91.0, 89.0, 90.0, 88.0, 89.0, 92.0, 89.0, 83.0, 85.0, 87.0, 89.0, 86.0, 88.0, 84.0, 81.0, 74.0, 72.0, 78.0, 82.0, 87.0, 90.0, 87.0, 87.0, 91.0, 91.0, 92.0, 89.0, 90.0, 82.0, 78.0, 80.0, 85.0, 87.0, 85.0, 88.0, 86.0, 86.0, 86.0, 85.0, 83.0, 83.0, 88.0, 83.0, 83.0, 83.0, 91.0, 85.0, 80.0, 80.0, 81.0, 86.0, 83.0, 84.0, 96.0, 88.0, 82.0, 88.0, 90.0, 86.0, 87.0, 88.0, 85.0, 85.0, 89.0, 86.0, 85.0, 85.0, 89.0, 83.0, 88.0, 86.0, 84.0, 85.0, 81.0, 75.0, 74.0, 77.0, 84.0, 86.0, 89.0, 85.0, 84.0, 88.0, 81.0, 82.0, 82.0, 87.0, 89.0, 82.0, 85.0, 85.0, 82.0, 84.0, 84.0, 86.0, 86.0, 85.0, 88.0, 91.0, 89.0, 87.0, 89.0, 83.0, 90.0, 87.0, 83.0, 86.0, 81.0, 81.0, 85.0, 91.0, 85.0, 88.0, 87.0, 85.0, 87.0, 86.0, 84.0, 91.0, 89.0, 90.0, 89.0, 88.0, 87.0, 89.0, 86.0, 80.0, 89.0, 86.0, 82.0, 80.0, 87.0, 85.0, 87.0, 87.0, 92.0, 90.0, 88.0, 84.0, 83.0, 84.0, 83.0, 81.0, 83.0, 85.0, 88.0, 87.0, 85.0, 84.0, 85.0, 85.0, 85.0, 86.0, 87.0, 89.0, 85.0, 86.0, 86.0, 85.0, 95.0, 89.0, 91.0, 87.0, 81.0, 84.0, 85.0, 88.0, 90.0, 91.0, 85.0, 87.0, 91.0, 92.0, 90.0, 90.0, 87.0, 85.0, 89.0, 90.0, 91.0, 91.0, 87.0, 86.0, 87.0, 85.0, 88.0, 92.0, 92.0, 88.0, 89.0, 90.0, 95.0, 90.0, 86.0, 90.0, 85.0]
    Successfully called pylab.title with label: SimpleVirus simulation
    Successfully called pylab.xlabel with label: Time Steps
    Successfully called pylab.ylabel with label: Average Virus Population
    Successfully called pylab.legend
    Successfully called pylab.show

